(304.01212, 48.25228)(311.56546, 38.43474)(293.98956, 40.900658)(326.4451, 42.12242)(283.6611, 48.577126)(359.27332, 94.43758)(268.61725, 107.00422)(383.38712, 158.431)(257.47638, 174.71353)(391.83188, 220.88689)(256.91675, 241.78406)(354.3228, 245.11351)(294.30573, 248.63919)(370.2848, 354.15887)(297.3142, 354.76285)(380.97318, 453.68445)(301.28543, 452.5149)
(303.1053, 50.858116)(311.76654, 41.119408)(293.5571, 42.91208)(328.26566, 47.891342)(283.7958, 51.387985)(356.46967, 102.836586)(267.42456, 108.26622)(384.27625, 155.3264)(229.77243, 153.38431)(401.39673, 204.17181)(253.19754, 154.94672)(353.3818, 241.14494)(292.92123, 244.48376)(367.51428, 351.99078)(292.8334, 354.4677)(383.7692, 452.81195)(294.78342, 452.7885)
(297.70554, 50.743332)(306.74344, 42.77275)(288.98538, 44.17254)(322.19714, 50.604485)(278.87042, 54.872284)(346.56625, 96.85498)(269.23193, 110.826035)(375.763, 132.00375)(241.14539, 169.91486)(371.95197, 146.707)(239.42358, 125.856804)(350.9502, 236.99222)(294.90247, 242.56656)(368.8279, 352.66742)(293.76184, 354.78595)(386.66553, 452.46872)(293.7986, 453.0911)
(295.0126, 53.444046)(303.936, 45.011185)(286.2724, 46.910828)(318.3548, 51.845154)(276.2435, 56.022163)(342.88266, 100.18607)(262.01358, 113.10579)(366.2649, 138.59235)(241.32314, 171.11517)(377.28354, 134.1984)(250.50143, 140.81947)(343.46777, 241.23367)(286.36954, 246.17871)(363.62695, 350.67432)(291.38794, 352.64587)(382.8804, 446.2068)(300.48355, 446.91458)
(297.79135, 45.127533)(306.30908, 36.81775)(287.83142, 38.48973)(320.28983, 46.415344)(275.66473, 49.829514)(345.1571, 94.721855)(262.45703, 100.21083)(380.1705, 133.36026)(264.5083, 140.88385)(327.41364, 112.48001)(313.42026, 110.80502)(348.06018, 239.46631)(286.9951, 242.67249)(366.61432, 349.9205)(291.01465, 352.13443)(383.04077, 449.09308)(297.0419, 446.93103)
(312.3252, 50.184593)(320.43115, 40.871803)(302.768, 40.544792)(333.12848, 46.179497)(288.49146, 47.81378)(355.93735, 95.651474)(265.4268, 99.53227)(372.59598, 124.63414)(204.86758, 91.76669)(310.15875, 103.83089)(259.4483, 52.53853)(361.1458, 245.63582)(298.17767, 248.48198)(378.55862, 356.31384)(299.24387, 355.82108)(386.7006, 454.90204)(297.06485, 455.11456)
(301.23752, 53.120285)(311.20074, 43.619133)(292.40558, 43.271286)(328.0436, 49.339508)(280.66177, 48.84092)(350.30066, 94.77694)(259.0448, 101.10562)(399.48404, 79.16391)(206.51634, 115.67482)(344.27814, 45.506462)(238.9622, 60.15429)(344.42902, 246.97073)(280.1216, 249.61446)(357.91486, 353.2828)(282.02155, 358.4041)(378.25537, 448.82025)(296.51132, 453.62186)
(308.20087, 46.06575)(316.64478, 36.383804)(298.55328, 37.955254)(330.83356, 42.01953)(285.8223, 46.190117)(357.07104, 91.95487)(273.15598, 100.15468)(399.9898, 140.02997)(280.5317, 166.85512)(346.2853, 126.0338)(345.37988, 192.67883)(357.39423, 240.63474)(296.85165, 244.09529)(370.96127, 357.25525)(296.97614, 357.5997)(386.17157, 453.61392)(302.54834, 450.75314)
(309.6359, 45.23494)(318.83832, 36.432045)(300.0708, 36.649178)(334.33557, 43.446724)(287.5904, 44.333557)(358.81122, 97.53905)(266.80347, 104.02214)(373.97217, 160.49745)(226.98148, 165.07755)(319.94186, 185.83043)(247.41002, 213.43051)(355.51788, 238.03183)(293.39105, 241.85985)(367.77475, 351.51993)(292.51773, 356.78345)(382.70538, 452.46344)(293.2994, 455.14087)
(304.73413, 49.7677)(314.12698, 40.63157)(295.012, 41.00589)(329.83435, 47.075157)(283.13223, 48.424225)(357.16147, 97.776184)(264.07587, 104.61268)(411.40237, 138.4073)(227.06578, 157.00778)(393.76172, 199.27127)(254.0075, 207.3788)(351.65707, 243.24503)(287.91638, 247.18335)(365.859, 349.12045)(290.967, 357.82788)(385.23193, 450.99936)(295.2777, 454.73575)
(314.23282, 58.55944)(323.55597, 49.623123)(304.76093, 49.40242)(337.8345, 53.8834)(292.64426, 53.843613)(364.33, 105.38168)(271.71448, 110.012085)(407.02405, 155.2443)(232.73077, 162.05629)(390.5297, 207.80374)(259.58002, 212.2016)(359.72522, 245.16402)(297.08966, 248.66963)(371.73828, 350.4566)(296.7895, 355.7081)(385.66525, 451.17792)(296.4003, 453.14926)
(309.10165, 53.975174)(317.64825, 44.868767)(299.14545, 45.57219)(331.4731, 50.709564)(287.29858, 52.668465)(359.73856, 103.23613)(268.8318, 111.085266)(401.03708, 152.0839)(230.3043, 163.61285)(388.21817, 204.74939)(257.43137, 210.86568)(360.53986, 243.76147)(298.7941, 248.25696)(373.2281, 351.3662)(299.19568, 356.599)(386.0284, 450.1351)(297.22247, 452.40695)
(306.37134, 44.527397)(315.1773, 35.213364)(296.95187, 36.42415)(331.01984, 43.260803)(286.05267, 45.460037)(359.0287, 97.890045)(268.3414, 106.37822)(399.73206, 148.20876)(217.69637, 153.56087)(408.83154, 207.40549)(217.64825, 140.23154)(359.67484, 237.56424)(298.43634, 241.55774)(370.54965, 349.88312)(298.1258, 351.72894)(385.69427, 449.69037)(300.56006, 449.44153)
(294.92554, 47.90036)(303.6969, 39.443764)(285.4835, 40.787033)(317.59094, 46.623383)(275.10056, 50.675987)(344.84674, 98.13492)(259.46063, 104.094864)(382.52975, 139.80856)(221.3988, 140.04112)(382.5146, 144.6741)(243.4249, 133.07751)(343.65298, 237.58005)(284.28882, 242.24002)(361.39505, 346.69824)(287.80936, 352.70557)(384.94998, 446.60245)(294.45895, 448.56253)
(289.82492, 47.76555)(299.26413, 38.973083)(281.0856, 40.437973)(314.4268, 45.2679)(271.55463, 49.61544)(338.39172, 90.66728)(258.4242, 108.0403)(372.87793, 114.00789)(235.8671, 159.04907)(371.21426, 126.64228)(217.89766, 129.20427)(346.6228, 236.04364)(289.22372, 243.5499)(366.41626, 348.99646)(290.40674, 354.77545)(385.26562, 448.87875)(292.3444, 451.71167)
(304.57852, 45.968765)(313.54352, 37.243416)(295.83682, 38.844673)(329.7509, 44.782303)(286.23456, 48.590378)(353.96808, 93.89714)(271.11905, 104.44717)(377.72348, 125.41263)(251.59804, 152.00339)(384.8777, 121.29361)(232.70575, 131.87566)(354.5189, 235.41043)(296.58795, 239.9815)(372.12488, 351.1812)(296.77246, 354.53452)(387.54773, 449.89755)(298.9129, 450.594)
(325.4171, 42.99192)(334.26376, 33.453056)(316.34943, 36.343933)(352.11328, 41.117905)(308.71866, 47.094696)(380.05478, 90.261345)(298.23505, 96.89721)(410.21082, 136.42896)(290.3673, 131.81622)(375.40076, 118.92336)(344.00952, 100.8558)(376.38354, 235.39598)(316.7345, 236.6685)(384.13995, 347.96368)(309.76782, 343.4967)(385.61316, 445.992)(298.79498, 438.1435)
(341.14505, 41.776833)(351.31137, 33.853325)(333.0256, 33.225677)(367.08746, 44.77626)(322.24072, 43.88227)(384.3029, 90.51453)(297.61096, 100.22382)(389.79492, 115.00566)(240.87825, 132.17503)(335.78848, 96.75229)(278.13757, 81.47766)(377.18463, 238.9209)(315.69492, 239.00235)(384.50827, 354.95654)(309.80743, 347.9118)(381.3919, 449.47754)(298.19556, 444.00995)
(302.25113, 47.70745)(310.50418, 38.07905)(292.9848, 40.448067)(328.99832, 40.552116)(284.90494, 47.85514)(358.99832, 92.16884)(266.73163, 95.75424)(401.31897, 115.70516)(200.92601, 91.24836)(339.4229, 88.99782)(257.6072, 58.179092)(351.32025, 244.32834)(287.58942, 246.46114)(362.2784, 351.40405)(290.32013, 355.09332)(378.84088, 451.81406)(297.59238, 451.5173)
(298.56952, 47.38542)(308.60907, 37.06691)(290.2756, 38.71617)(328.19513, 42.59188)(280.8257, 45.404602)(352.16354, 89.28356)(260.4125, 99.18266)(403.8781, 81.84692)(211.47794, 132.9698)(348.88745, 45.55401)(249.51378, 72.33902)(346.66248, 240.5155)(283.76678, 244.30893)(362.3572, 352.45178)(289.9608, 358.2232)(378.32474, 451.11713)(295.3593, 456.23587)
(322.0377, 39.04001)(331.54666, 28.823975)(312.4361, 31.70597)(348.6748, 33.44928)(303.87216, 40.16366)(376.18762, 88.9398)(292.33237, 94.469505)(412.843, 140.15646)(289.83047, 163.34058)(357.70178, 134.74356)(353.7582, 190.3404)(371.35367, 235.15488)(311.32224, 237.39636)(379.35562, 347.2458)(306.87253, 349.98315)(389.81042, 446.30884)(300.58844, 446.034)
(351.6328, 33.63865)(362.33282, 23.828354)(342.75958, 25.449364)(381.63312, 31.065376)(334.2361, 33.833893)(408.7732, 91.84789)(314.2198, 90.83705)(447.85925, 149.98215)(275.8934, 143.64125)(446.9299, 210.77655)(296.97528, 197.60442)(389.60098, 236.87363)(328.68304, 235.26073)(389.1185, 345.9457)(320.79037, 344.5828)(384.51077, 448.4533)(301.3661, 445.89603)
(330.53296, 45.45369)(340.0547, 35.055237)(320.16068, 37.347443)(358.4179, 39.90522)(310.32742, 45.525276)(390.98303, 96.584656)(293.81265, 106.05365)(439.52008, 147.50124)(254.23578, 164.01889)(419.15317, 204.28043)(286.32678, 214.60019)(387.95862, 246.86351)(322.84235, 249.83646)(392.25067, 355.544)(316.52124, 359.92627)(389.0676, 455.35773)(299.54013, 458.67313)
(299.68906, 49.536095)(307.92673, 38.687622)(288.26334, 41.52426)(324.40735, 41.91314)(277.30627, 49.05864)(357.35324, 94.78786)(263.36053, 109.71901)(406.19064, 138.49191)(223.5647, 166.47159)(399.54327, 195.59647)(261.15436, 214.43602)(366.21143, 241.685)(303.03397, 249.27438)(381.3269, 350.11127)(308.13464, 361.06384)(387.3375, 448.45764)(300.74564, 457.74927)
(286.0122, 42.587883)(295.59122, 32.921677)(276.6183, 34.494026)(311.63037, 39.642487)(265.37793, 43.364265)(339.4496, 95.667145)(251.48119, 104.30863)(375.43884, 152.70467)(212.14595, 156.26828)(376.66318, 207.56645)(213.49182, 125.2293)(343.2114, 238.6058)(282.1322, 244.56564)(363.54428, 351.463)(287.2778, 356.45758)(385.41098, 455.2461)(295.22275, 456.76868)
(309.87222, 42.069656)(319.72708, 33.78193)(301.59015, 34.169624)(336.6295, 43.102623)(292.16815, 44.508133)(359.92572, 91.77138)(276.89822, 100.77768)(391.9552, 114.54845)(233.60522, 131.49046)(376.71686, 113.00633)(251.30247, 126.733055)(357.2572, 238.54169)(299.78845, 241.08116)(372.34317, 356.44336)(300.52274, 358.2268)(387.35864, 457.3934)(297.82355, 457.24426)
(302.96472, 37.96376)(310.5878, 30.142792)(292.85156, 31.300278)(321.997, 38.907326)(279.09274, 43.135124)(348.8322, 88.47194)(263.65964, 103.27551)(388.56058, 125.925255)(239.56725, 151.80103)(376.83212, 119.25313)(217.27823, 128.356)(351.57343, 234.8505)(291.53143, 240.4493)(369.22675, 352.49005)(294.1883, 357.3141)(386.46384, 455.1065)(295.30557, 457.05133)
(287.2701, 44.98754)(293.93097, 32.83619)(277.02505, 39.266518)(313.79428, 33.610107)(272.68857, 47.91149)(349.76318, 83.12886)(264.76694, 93.59918)(379.16785, 126.735245)(254.07614, 128.83315)(370.53473, 100.14385)(301.071, 85.31763)(348.8459, 237.12494)(287.4651, 241.52493)(371.77908, 354.42468)(295.34525, 357.02792)(383.43524, 459.12292)(295.41318, 456.43256)
(307.22742, 37.153473)(314.98245, 25.285187)(297.77728, 30.584457)(334.98846, 29.206131)(292.15207, 40.81662)(362.58096, 84.169014)(282.01028, 90.837814)(393.54126, 98.19045)(259.6053, 133.41382)(330.46994, 83.483864)(316.7022, 104.79712)(367.5551, 240.91257)(307.49982, 244.38843)(382.34882, 359.1099)(309.71265, 361.8553)(382.35342, 459.79712)(302.3728, 460.24362)
(287.15195, 37.466377)(294.92194, 25.18515)(277.17044, 29.680603)(316.20258, 27.921051)(270.5796, 40.853508)(347.14294, 83.8464)(253.8195, 90.460434)(378.9278, 106.29001)(185.08823, 79.52562)(311.8679, 94.034775)(237.00682, 43.48642)(346.22247, 244.19273)(282.39633, 248.13538)(366.92105, 358.31067)(291.42337, 360.29892)(380.69244, 459.59418)(300.30362, 459.871)
(255.58284, 46.776573)(263.59747, 33.703804)(245.2925, 39.112137)(286.6079, 37.17543)(238.73445, 50.187027)(321.86554, 87.47754)(227.03821, 101.222145)(370.21576, 71.85947)(164.54198, 99.639626)(308.0615, 43.03425)(207.55841, 52.112167)(328.75732, 247.53131)(262.2713, 255.49782)(352.63116, 354.62286)(276.9409, 368.1354)(377.51785, 455.28088)(296.4737, 467.12137)
(282.6317, 43.05832)(290.84985, 31.69368)(273.48508, 36.456055)(310.65784, 34.30742)(266.68765, 44.721375)(342.90363, 88.993805)(260.5929, 98.93672)(397.39337, 135.14957)(263.75974, 168.52878)(360.71478, 98.23084)(328.0129, 185.74966)(347.50287, 233.71536)(286.74765, 239.2682)(371.1461, 354.97925)(294.23578, 359.70352)(390.24817, 458.23932)(301.16132, 457.52557)
(309.72556, 37.94465)(318.44897, 28.105728)(299.74652, 31.447403)(337.8585, 34.809875)(291.1925, 42.285294)(369.32156, 95.15874)(274.4482, 99.89072)(407.58264, 151.66728)(236.70874, 159.84444)(391.28024, 208.32085)(259.9681, 209.63896)(358.7273, 242.45256)(295.21545, 245.5054)(374.02188, 352.21503)(300.27948, 359.03943)(385.379, 456.79642)(299.33542, 459.70963)
(321.9129, 35.153564)(330.2708, 26.985115)(310.72015, 26.494644)(340.86316, 36.96286)(293.81885, 37.447556)(367.12833, 90.592705)(272.86484, 98.592804)(413.56747, 141.8224)(233.66125, 152.2095)(397.41937, 196.41058)(260.1204, 202.3307)(363.43027, 242.87544)(298.98038, 246.48306)(375.87952, 354.80237)(301.252, 358.4165)(389.00928, 455.88168)(299.5444, 457.8636)
(307.56866, 40.79721)(316.60486, 32.591354)(296.9198, 31.822502)(328.18408, 42.210823)(280.8508, 40.84632)(353.12744, 97.976944)(257.6635, 101.536804)(401.31378, 147.4086)(215.08855, 155.01454)(381.46796, 198.60742)(246.35837, 203.62476)(348.37256, 243.50417)(283.44397, 247.4479)(366.11533, 350.0874)(289.8346, 360.17938)(386.12622, 451.95587)(293.28622, 458.70953)
(272.45206, 46.39205)(280.19382, 36.33481)(261.39563, 39.116875)(295.901, 42.739822)(249.29495, 49.44516)(327.92804, 95.18678)(240.282, 109.56517)(370.17932, 144.66278)(211.0596, 168.0512)(401.6809, 190.49362)(255.57169, 129.73299)(335.6356, 239.25177)(273.53912, 247.7885)(357.6366, 352.92035)(282.16025, 362.222)(381.04462, 449.03766)(296.2393, 456.51526)
(258.96072, 50.237083)(268.80823, 40.062073)(248.56392, 41.66935)(285.69592, 43.33969)(238.05957, 48.006134)(316.64948, 92.647064)(226.03917, 106.468)(363.19275, 139.68463)(180.86694, 142.94135)(354.70065, 188.3302)(198.82281, 130.51004)(327.52155, 245.33585)(264.8849, 253.1783)(356.74045, 358.9989)(277.50833, 364.66205)(387.07794, 454.84824)(295.1051, 453.83487)
(257.8849, 37.10888)(266.3972, 29.09613)(247.1945, 27.365494)(275.26343, 36.359047)(227.5953, 34.885735)(300.26147, 83.096245)(212.58041, 104.44856)(348.29938, 118.16095)(179.4851, 167.1798)(347.98016, 135.16156)(190.64404, 142.91016)(318.58612, 233.766)(259.88586, 244.76846)(335.0134, 353.31018)(277.62817, 359.9323)(357.97513, 456.40106)(298.54736, 462.4545)
(293.6617, 5.261879)(301.89716, -6.2128296)(279.37787, -4.1084595)(312.26297, 1.3343506)(257.64044, 7.5672836)(343.79553, 69.96044)(238.34938, 79.20625)(382.5749, 143.86626)(205.12085, 156.27667)(409.95068, 210.24695)(205.68628, 155.27489)(332.50476, 234.84192)(266.93527, 236.95998)(330.84747, 364.1588)(274.40378, 361.498)(337.50668, 466.80402)(292.79214, 462.88107)
