(299.27072, 89.4982)(307.27234, 81.04519)(290.87997, 82.73945)(321.03445, 87.01088)(281.2987, 90.09159)(345.15802, 141.48528)(264.16144, 148.37505)(370.3189, 212.3357)(250.03067, 221.78667)(371.12778, 275.33963)(258.04987, 280.33347)(342.8099, 282.6443)(286.64636, 286.0454)(359.3114, 391.55627)(287.08765, 396.11966)(370.1253, 479.96655)(288.9606, 482.49094)
(298.2229, 90.30142)(306.7192, 81.82135)(289.61646, 83.08089)(320.80246, 88.480675)(279.411, 90.960815)(345.91644, 141.06538)(262.3641, 149.22636)(369.60397, 210.96971)(250.71988, 219.89844)(373.0951, 274.41815)(256.72586, 277.09836)(342.2916, 282.9545)(285.37784, 286.30444)(357.55573, 389.16174)(287.816, 392.02115)(366.38403, 476.753)(291.10037, 478.14148)
(300.34174, 87.364685)(308.9231, 79.099045)(291.638, 81.09898)(323.66647, 87.686325)(281.52313, 91.03159)(345.95627, 143.69052)(261.84155, 145.07465)(363.44052, 215.33794)(243.68713, 218.20871)(361.54123, 275.19275)(248.81918, 186.17696)(332.66867, 277.3136)(275.1985, 279.06848)(349.46637, 382.2871)(280.68073, 387.64362)(363.41284, 471.73138)(293.25992, 475.7562)
(299.99536, 88.027245)(308.73355, 79.84114)(290.82895, 80.709885)(320.90842, 87.81927)(279.04974, 89.99471)(343.23932, 141.71869)(258.84958, 145.83142)(369.70825, 201.50249)(243.80272, 206.32358)(356.0589, 188.35759)(252.53065, 219.24063)(335.53375, 274.8746)(276.37396, 278.5262)(353.16412, 381.16272)(281.8277, 388.1306)(365.7296, 470.53305)(288.87903, 476.32657)
(296.83026, 89.00647)(305.19342, 80.41171)(287.28772, 82.0624)(318.53702, 86.77654)(276.6914, 90.60159)(343.93625, 139.7127)(259.85214, 148.33945)(376.32178, 189.2917)(241.68364, 212.88196)(357.67746, 211.43701)(269.3329, 206.54065)(343.36166, 276.83737)(284.17023, 281.5114)(356.84848, 383.61505)(286.0637, 388.3601)(366.119, 473.06943)(287.5877, 475.59976)
(298.9806, 87.60719)(307.71463, 79.7104)(289.8428, 79.21204)(318.81552, 87.545456)(276.4738, 87.10516)(340.73468, 138.35727)(258.81256, 149.4745)(368.0186, 180.74762)(248.4415, 206.53375)(385.14767, 216.83762)(246.1656, 235.97624)(342.83682, 278.459)(285.84247, 283.36078)(356.28525, 384.83414)(287.255, 387.93103)(366.78177, 471.61273)(287.77014, 472.61926)
(301.80072, 87.42675)(309.691, 79.66162)(292.37573, 79.75485)(320.00278, 88.4436)(278.5529, 88.42756)(341.49466, 138.98859)(261.25116, 145.75174)(368.07822, 187.25465)(257.45572, 203.96542)(371.22653, 218.25746)(292.46228, 166.2956)(342.59973, 271.50583)(286.0554, 275.8151)(355.6864, 378.74197)(287.21375, 382.555)(365.78326, 471.4034)(286.71512, 474.64734)
(303.85132, 85.46556)(311.79596, 77.97328)(294.58475, 77.971245)(322.7647, 88.25426)(281.53513, 88.333145)(343.92227, 138.33708)(262.73572, 144.0795)(368.22473, 182.02518)(240.54855, 204.7279)(315.24115, 158.13524)(290.30728, 173.19727)(344.28894, 272.6488)(286.26923, 275.56018)(355.76138, 388.17953)(286.40897, 388.9263)(364.8575, 479.41364)(281.88306, 481.20792)
(301.38486, 85.67277)(307.98843, 76.75527)(290.2707, 80.01834)(319.6194, 82.25489)(278.56836, 91.894135)(348.04163, 135.58054)(262.3031, 144.1761)(394.27402, 171.1611)(217.9378, 153.264)(359.2256, 136.34688)(250.17358, 106.458916)(344.73456, 281.2787)(283.77844, 285.4367)(357.64917, 389.72858)(285.3761, 393.10437)(367.77115, 477.03824)(290.06848, 476.14594)
(303.43546, 86.86649)(310.6114, 78.898346)(292.93793, 80.64392)(322.68594, 88.16998)(279.99908, 93.07912)(347.49475, 137.76312)(263.28342, 148.13759)(396.7572, 129.47217)(228.21568, 175.29561)(341.61136, 90.83134)(245.55495, 122.45891)(347.3088, 283.39865)(287.67676, 285.6371)(359.68842, 394.4831)(289.4138, 393.38965)(364.1809, 477.9743)(292.10727, 475.38257)
(302.75262, 84.47857)(310.86212, 76.160805)(294.1093, 78.194176)(323.86215, 84.704445)(283.97372, 88.84416)(345.0113, 137.49164)(265.1015, 143.40569)(374.50552, 171.88078)(259.92938, 208.6225)(339.6288, 130.70135)(311.09534, 222.64554)(344.19122, 275.04178)(286.90076, 278.0135)(360.16068, 386.59106)(290.7293, 388.2056)(368.48816, 474.33334)(286.55353, 474.43527)
(302.7835, 81.73757)(310.50967, 74.09219)(292.80695, 76.3568)(323.39658, 84.881134)(281.45267, 90.00427)(350.63367, 146.03053)(263.75836, 143.05)(359.74966, 220.56812)(233.50406, 198.507)(308.96646, 238.34415)(277.25616, 202.44357)(345.4288, 281.1796)(285.42645, 282.1668)(356.73602, 389.35486)(287.32184, 393.29797)(364.3808, 477.9472)(287.55334, 482.00305)
(291.32162, 80.85524)(299.96713, 71.94624)(281.91656, 75.677284)(316.16983, 80.35425)(273.51465, 88.454414)(349.03476, 137.4746)(258.31, 145.42561)(403.6665, 172.29637)(219.74547, 192.69403)(400.20972, 216.27676)(243.39536, 234.09952)(342.3673, 281.3924)(281.56046, 285.7397)(356.54013, 388.42862)(288.41394, 396.22943)(366.3187, 477.17816)(291.3487, 481.6564)
(297.82526, 88.38104)(307.25122, 81.03241)(288.49078, 79.9534)(318.66583, 89.08993)(274.47137, 87.623276)(345.04086, 138.33252)(255.24452, 150.73566)(398.19727, 178.54895)(218.48184, 202.69144)(376.90994, 229.13123)(252.24806, 241.42783)(349.44565, 276.7358)(288.85583, 282.41016)(359.95056, 384.15906)(291.01617, 389.0063)(367.99884, 474.16605)(290.3545, 477.59348)
(310.47232, 99.000694)(318.35446, 89.89972)(299.54797, 90.321915)(329.41534, 95.08026)(284.7956, 97.555595)(355.6352, 144.25128)(269.73483, 156.52022)(412.36053, 183.32475)(231.59705, 203.87016)(385.30502, 234.18202)(267.45673, 246.32178)(360.03552, 277.7733)(302.0295, 281.55118)(366.232, 376.588)(301.19955, 378.10498)(367.04617, 465.1796)(292.42114, 467.41135)
(305.31183, 99.30508)(314.0826, 88.04383)(295.74527, 91.58643)(332.29407, 89.64238)(287.3195, 97.393684)(355.94714, 152.16911)(262.65717, 142.01727)(386.7557, 211.41702)(210.7041, 185.16429)(346.8115, 247.16977)(227.37135, 237.09718)(324.61127, 283.4077)(262.17584, 281.46283)(341.06934, 385.65234)(269.20172, 392.716)(358.67157, 471.3305)(280.49054, 472.62564)
(295.14804, 84.96717)(303.50586, 75.7157)(284.29376, 76.54619)(314.7676, 81.54315)(270.2345, 85.39154)(341.15875, 134.41179)(254.09012, 149.04945)(396.16083, 179.27934)(218.76797, 204.38748)(376.782, 230.934)(253.3904, 242.62181)(348.19955, 275.44672)(287.60178, 282.1595)(357.95673, 382.25342)(289.65305, 386.9508)(368.2483, 471.6647)(292.4756, 473.3157)
(305.5465, 84.24994)(313.80573, 75.71431)(295.53024, 77.721405)(327.0333, 83.96893)(283.50906, 88.61028)(348.43277, 139.04144)(265.50455, 143.62439)(396.79132, 174.7618)(247.69066, 216.28806)(364.51468, 191.76819)(247.8628, 197.93745)(342.49, 277.9596)(282.03192, 280.669)(355.93256, 385.15387)(284.6502, 388.3457)(366.09073, 475.3392)(288.2475, 474.4915)
(299.21335, 80.33676)(307.56372, 72.1739)(289.52258, 74.0191)(320.84808, 82.89589)(277.59998, 87.23239)(345.75342, 137.84515)(259.9342, 143.62125)(366.62988, 195.47249)(237.51996, 196.47543)(371.63953, 193.9481)(255.46082, 182.75294)(344.7937, 273.2582)(285.226, 277.27628)(357.45435, 380.99005)(287.51752, 383.4104)(364.04175, 471.88962)(289.39603, 475.34714)
(301.80078, 77.44619)(310.12585, 69.55152)(292.12152, 71.48647)(323.86554, 79.50494)(282.0487, 84.59613)(347.268, 136.56496)(269.05746, 140.33151)(379.27634, 190.61108)(255.2264, 192.48477)(355.95438, 152.36992)(256.89636, 206.63045)(344.86255, 275.3452)(288.23624, 277.06842)(358.07336, 382.8734)(290.00262, 381.99347)(364.99512, 473.38818)(285.8009, 470.85614)
(305.659, 75.06686)(314.34207, 69.53208)(296.35184, 70.337)(328.17154, 85.15399)(283.80267, 87.07409)(345.99332, 136.32524)(268.73795, 140.18677)(365.8548, 182.17828)(250.06808, 190.24156)(370.44415, 206.65128)(274.06177, 138.83897)(342.32022, 273.0238)(287.14148, 276.26215)(354.99777, 382.00977)(290.42572, 382.01617)(362.24838, 476.7668)(288.17352, 476.3104)
(306.6339, 77.71031)(314.65768, 70.25764)(297.6827, 71.08294)(327.15454, 81.93582)(285.99475, 83.83214)(346.72202, 132.31787)(269.2559, 138.66365)(364.80728, 149.80461)(271.54895, 194.62401)(314.5084, 133.1249)(313.38486, 149.99156)(346.75323, 277.37494)(289.94965, 279.76093)(357.51624, 391.77933)(291.4883, 391.37994)(363.67627, 478.35388)(286.70898, 475.9799)
(306.3877, 81.12111)(312.93835, 72.590996)(295.481, 76.13132)(326.64908, 81.37142)(284.59952, 91.66903)(350.76044, 136.61356)(266.99167, 141.74466)(378.85553, 147.67984)(215.11252, 121.2129)(326.57306, 133.60431)(258.16092, 78.46911)(344.107, 282.97244)(284.65167, 286.33154)(357.42917, 387.2797)(286.79672, 388.77246)(363.07144, 478.43494)(287.95758, 475.286)
(316.60962, 86.25284)(325.3081, 81.157)(307.83478, 77.430664)(331.9276, 93.1739)(289.25403, 86.45415)(349.48904, 137.68472)(265.43506, 143.66634)(401.99335, 125.81448)(225.47171, 147.65842)(353.9261, 87.60891)(241.89828, 115.010864)(352.4709, 283.8365)(293.106, 284.54907)(361.93027, 391.61255)(292.86893, 388.3634)(364.7892, 476.6277)(289.9587, 473.0664)
(309.8257, 82.35388)(318.87097, 75.43473)(301.1032, 74.741264)(329.32336, 87.762474)(286.69293, 85.133194)(342.84897, 138.06631)(266.9565, 137.49777)(373.82816, 169.74077)(263.62225, 197.99622)(354.06644, 119.961845)(321.38596, 206.92693)(345.8072, 274.04425)(290.39734, 275.5057)(360.76663, 388.26443)(292.50406, 388.41458)(367.7976, 475.86856)(284.80634, 477.13107)
(301.57004, 81.39929)(310.12982, 73.03928)(292.21283, 76.723206)(328.11203, 82.80926)(284.85214, 89.86675)(353.78436, 144.4309)(269.288, 140.07143)(360.01965, 217.00137)(240.59901, 201.19014)(305.14154, 230.33635)(286.09628, 188.06526)(344.8764, 277.83078)(285.461, 278.53146)(357.7826, 387.49072)(287.8843, 389.7916)(364.53146, 479.74472)(286.64258, 480.24173)
(291.7702, 80.39707)(301.77118, 71.945465)(283.3527, 75.610664)(321.54135, 81.68965)(276.90845, 88.82945)(352.32858, 137.15332)(263.4183, 141.95892)(407.86276, 193.6169)(222.73459, 189.46515)(367.7644, 228.64825)(247.10867, 226.05501)(344.36594, 279.75153)(282.93427, 282.54092)(355.37805, 382.16986)(287.0171, 386.5441)(363.64832, 470.3715)(289.1631, 471.16812)
(305.79108, 84.883934)(314.6102, 76.71566)(295.6912, 76.82812)(326.5113, 84.462425)(282.16672, 85.60806)(350.70203, 137.92566)(261.18277, 144.14392)(402.73767, 189.90175)(214.47717, 194.60988)(368.26477, 232.97641)(249.11899, 232.77057)(346.17343, 279.42255)(284.651, 282.9914)(355.36594, 385.41672)(289.1314, 391.33588)(366.25085, 477.54688)(293.41528, 480.64264)
(321.59024, 123.20498)(328.8721, 112.66907)(310.8635, 114.19513)(337.35904, 105.41925)(292.56616, 109.50431)(358.39624, 143.3651)(270.3863, 162.21622)(417.34232, 177.99347)(232.94955, 214.58304)(392.42313, 227.16351)(278.8939, 246.40466)(364.21075, 275.44382)(306.69797, 282.0266)(371.69437, 373.7359)(307.55396, 375.0642)(366.94647, 466.8562)(294.07993, 469.21347)
(306.42435, 121.69124)(317.1075, 112.4408)(298.5044, 110.59343)(332.72772, 113.20238)(286.91516, 108.2843)(347.9807, 165.02515)(257.4283, 151.12459)(384.4726, 219.36388)(209.07736, 186.66486)(347.07593, 251.50174)(223.655, 237.11417)(319.11108, 288.9819)(258.5055, 286.20953)(339.89264, 377.9967)(269.19376, 387.95404)(360.48444, 462.34637)(285.77817, 469.63602)
(291.64835, 80.746796)(299.4015, 72.485596)(280.5534, 74.92245)(312.10803, 82.119125)(267.38113, 88.48903)(341.5569, 136.80203)(252.24673, 148.02122)(395.50223, 186.89642)(216.33273, 205.84213)(371.13763, 232.8581)(244.86705, 238.30417)(345.8001, 275.8637)(283.93362, 282.08234)(359.96173, 377.8786)(287.867, 386.6277)(367.321, 468.76038)(287.64185, 476.93713)
(292.7876, 81.14817)(300.09412, 70.76473)(282.7911, 77.39626)(319.0165, 76.09431)(276.61417, 91.19815)(351.43976, 134.0949)(267.83575, 144.43526)(400.39062, 195.73276)(234.69246, 196.76703)(367.5599, 239.30612)(258.07477, 134.1211)(343.127, 279.00958)(283.2967, 284.3025)(357.84705, 383.2312)(288.5974, 390.4276)(368.9108, 475.0689)(292.4879, 476.71832)
(294.4807, 80.17054)(304.60587, 71.672195)(285.80136, 73.96169)(323.8275, 81.072495)(277.5196, 85.84862)(350.4307, 134.26723)(267.1156, 141.676)(399.72607, 186.7814)(238.8345, 198.1259)(367.34738, 230.98692)(272.007, 151.01724)(347.34985, 280.4594)(286.84982, 284.5565)(359.39856, 387.36243)(289.0221, 392.39053)(370.28143, 478.1539)(291.89087, 479.4449)
