(299.10654, 85.35526)(309.26352, 75.7432)(291.21863, 77.53219)(329.61282, 81.97488)(284.47723, 85.892105)(355.99777, 135.4229)(272.09998, 144.4866)(385.95898, 192.01338)(252.89615, 197.81517)(356.96982, 215.14444)(263.10318, 220.16418)(354.2581, 276.9428)(294.33673, 281.43933)(371.13712, 378.89056)(293.1031, 385.2985)(382.08755, 466.99982)(291.96732, 469.15555)
(279.0742, 87.6084)(289.87732, 77.63841)(272.072, 79.99884)(312.6105, 83.29048)(267.32254, 88.76371)(343.17215, 137.74747)(261.59973, 148.79292)(370.23108, 209.96902)(254.4856, 212.19983)(364.93472, 275.5655)(262.30984, 253.94098)(345.65692, 283.4899)(287.84143, 289.75262)(368.08304, 378.58835)(290.68466, 393.49658)(383.64062, 463.59158)(297.83997, 476.182)
(276.90762, 85.070274)(287.65933, 75.88601)(269.4394, 76.96065)(310.14108, 81.3492)(263.45544, 83.53243)(339.1368, 135.45203)(257.70837, 147.15344)(366.3794, 207.53496)(246.66449, 207.54337)(363.93274, 272.43097)(254.01007, 239.75854)(342.06824, 281.02026)(283.25153, 286.40707)(365.58716, 382.76614)(287.08594, 394.05365)(381.37738, 468.21304)(291.65234, 476.73883)
(312.86453, 76.874214)(320.7002, 69.819336)(302.42914, 69.43734)(329.69925, 81.732414)(285.44067, 81.37671)(350.46512, 140.00873)(263.29282, 141.26146)(378.117, 208.24051)(239.66309, 201.22754)(354.09122, 193.58867)(249.4427, 210.69717)(345.9277, 281.30615)(283.43726, 283.6791)(361.1941, 385.85962)(284.58148, 390.27164)(374.57556, 468.2364)(291.13086, 473.0174)
(301.6596, 73.99613)(307.41156, 64.094215)(289.40652, 70.239365)(322.6481, 72.26492)(279.32587, 86.92066)(357.7315, 134.39362)(267.8802, 143.05984)(392.6172, 209.39209)(246.1867, 219.25713)(380.16968, 208.6423)(251.40642, 185.54042)(350.01614, 281.9967)(284.57275, 285.3556)(366.28867, 392.56332)(284.75037, 396.16583)(379.14563, 477.96368)(292.2754, 479.9907)
(301.62097, 72.70816)(309.72403, 65.32374)(291.01685, 66.88689)(321.45218, 76.57583)(277.56763, 81.44133)(345.9067, 133.3221)(261.91586, 139.73209)(379.4376, 199.43951)(246.7693, 200.00621)(358.59283, 172.24126)(241.33716, 226.34647)(344.05664, 278.50772)(282.3953, 282.3168)(364.25146, 382.31244)(286.4615, 389.16998)(379.0962, 470.1937)(289.92764, 476.3891)
(296.7969, 74.45765)(305.1446, 65.43641)(286.76126, 67.97037)(319.74396, 73.70467)(275.29242, 79.02625)(342.74466, 131.37946)(262.58688, 138.65991)(373.70255, 184.8087)(253.72409, 204.66779)(370.7084, 218.81715)(291.37247, 159.13873)(345.4629, 277.3257)(285.76447, 282.83423)(368.0847, 390.32092)(287.40436, 396.88586)(385.0393, 479.48642)(286.4283, 482.65097)
(300.2386, 73.75226)(309.61273, 65.034744)(292.4016, 68.14055)(330.13937, 75.588066)(286.62918, 81.4627)(353.6999, 130.5041)(270.1593, 137.06256)(358.71216, 169.10953)(253.60089, 201.48874)(307.95465, 145.3758)(295.10156, 176.67113)(344.13193, 273.8293)(282.58398, 277.02237)(366.38876, 380.70258)(285.4692, 387.39648)(381.8689, 473.24158)(285.97568, 477.89304)
(308.30402, 77.02296)(318.11905, 68.15997)(300.8568, 71.12842)(341.0954, 77.92056)(294.9172, 85.176025)(364.40347, 133.33392)(273.91855, 137.6751)(370.48358, 182.81535)(213.43262, 137.68738)(323.23624, 157.43205)(254.75847, 89.96093)(350.06934, 286.0353)(284.83972, 290.72443)(371.13687, 384.52548)(287.03308, 393.4491)(383.02826, 474.9569)(290.8734, 479.80246)
(309.6027, 82.457306)(321.3707, 76.88163)(302.44977, 72.65558)(334.83307, 88.83802)(289.06363, 80.57822)(356.44998, 136.08496)(260.7887, 140.13513)(408.57043, 136.31133)(204.17725, 129.07942)(359.62668, 87.84719)(252.05258, 86.44414)(364.59763, 285.91434)(296.31543, 290.19952)(385.50763, 390.63284)(293.91675, 396.7163)(393.42438, 477.03482)(295.09103, 484.07416)
(305.0069, 77.93538)(312.3882, 68.52356)(296.14343, 76.0863)(333.33624, 76.454926)(293.87613, 92.38506)(363.28125, 132.31436)(283.30447, 141.83438)(380.55618, 168.46042)(275.2589, 213.97366)(337.2853, 118.66857)(332.33255, 210.15828)(361.21417, 278.3263)(300.03348, 282.05133)(381.83093, 385.15656)(295.8731, 389.51935)(389.80698, 474.2414)(290.50253, 477.18463)
(301.71252, 78.27954)(310.95227, 67.737236)(295.83154, 72.7618)(338.13208, 74.734215)(295.14175, 83.99035)(365.2383, 139.03467)(282.0259, 135.73016)(364.851, 215.04593)(247.58595, 196.7756)(304.79788, 235.6098)(276.33856, 185.8557)(342.6811, 279.83948)(280.34766, 280.82825)(365.13098, 378.5551)(281.1943, 390.43436)(382.51978, 468.11954)(287.64044, 474.56818)
(310.33228, 76.16231)(320.12094, 69.4155)(302.3006, 67.45623)(332.85342, 81.57364)(288.88504, 78.08581)(360.4839, 135.4704)(265.36932, 139.15025)(417.38593, 182.02994)(224.95953, 187.00017)(374.01794, 227.87051)(246.27548, 230.98642)(349.49008, 277.84952)(283.0335, 280.0606)(361.86755, 380.0929)(281.84845, 387.94617)(383.5696, 475.59)(289.88834, 478.40225)
(319.25568, 81.60978)(325.87143, 74.49855)(308.551, 72.347534)(330.54788, 84.06436)(284.75986, 80.1957)(349.3354, 136.92879)(259.51584, 141.4472)(398.72717, 191.22736)(212.77545, 196.4003)(368.52963, 236.36)(249.21683, 241.48181)(348.03122, 277.5645)(284.3156, 280.88135)(362.57764, 388.89624)(283.36807, 392.3803)(386.7966, 479.83548)(292.71722, 479.92358)
(323.9267, 90.15442)(328.45557, 80.19093)(312.94516, 80.73196)(330.64044, 83.01331)(286.74194, 86.17243)(357.73343, 130.97693)(267.0162, 151.84407)(417.85104, 172.12892)(238.30997, 211.29811)(397.35242, 218.39964)(277.3601, 249.15314)(374.53378, 271.74072)(311.74203, 279.45953)(384.52728, 382.3095)(308.17465, 384.4849)(390.21555, 473.95074)(296.56958, 477.09747)
(300.3406, 118.948555)(311.24326, 109.25456)(291.382, 108.42636)(327.99936, 104.02825)(280.35437, 102.93665)(349.77917, 146.69818)(258.76096, 149.77223)(397.2965, 198.85591)(217.24498, 201.99521)(366.59033, 241.52367)(248.3136, 241.31349)(340.48267, 276.65735)(278.90714, 280.3446)(363.2833, 375.02148)(283.32126, 386.19614)(383.66928, 462.98526)(289.24365, 470.14908)
(308.31253, 85.3695)(317.8772, 78.66431)(298.8541, 77.432304)(329.18158, 90.29943)(284.54565, 87.65663)(351.8533, 142.8852)(262.90277, 145.6028)(398.54437, 196.41397)(218.19995, 203.07668)(369.94022, 239.5422)(254.96996, 244.7434)(349.64133, 279.7359)(286.1093, 282.5838)(364.82532, 388.40955)(285.81958, 394.2967)(384.37396, 477.1651)(292.76093, 480.4182)
(298.43088, 83.622635)(307.2298, 74.74571)(289.73706, 77.690605)(324.99548, 83.25375)(281.5353, 89.478226)(354.22638, 138.46991)(267.7951, 145.87686)(404.01126, 190.47122)(242.91946, 208.38834)(376.39792, 236.47485)(255.88536, 171.04706)(351.493, 277.57547)(288.2312, 281.7965)(370.61346, 387.1043)(288.83017, 393.59113)(387.60632, 478.00162)(292.70074, 479.53308)
(300.98526, 84.51393)(308.95648, 74.567116)(291.75977, 79.23852)(329.60355, 80.48331)(287.2903, 91.15832)(357.22, 134.70505)(277.6086, 139.51173)(381.87683, 189.97931)(255.50429, 187.1777)(380.93054, 175.69748)(254.58612, 188.45355)(354.5943, 275.68976)(295.9151, 279.2724)(374.70645, 383.05737)(294.48883, 386.78525)(385.30823, 471.52094)(290.48773, 472.2328)
(306.25516, 83.11744)(315.18225, 73.39046)(297.44302, 76.78082)(335.95905, 79.240005)(291.63342, 86.97057)(363.96304, 133.6445)(281.37857, 137.39445)(391.67212, 192.43492)(273.48395, 188.12694)(376.82632, 176.65671)(263.78586, 195.29016)(357.21844, 276.80444)(296.94244, 278.66595)(375.57385, 383.18265)(294.2616, 384.62488)(386.42426, 471.78336)(290.13538, 468.9969)
(309.211, 73.10348)(318.51413, 63.95233)(300.0027, 67.37302)(338.5883, 73.903824)(292.3306, 81.35022)(361.8692, 129.69775)(282.3201, 137.16144)(376.7413, 176.19212)(278.05634, 197.38174)(385.3647, 202.37567)(259.27673, 198.92966)(361.1933, 276.68713)(301.8097, 280.29895)(381.72812, 383.5915)(295.547, 384.4929)(392.34085, 470.20868)(287.8797, 468.2723)
(319.09354, 68.27436)(328.8272, 63.41008)(310.55695, 63.151123)(341.67822, 81.01318)(297.9922, 79.83517)(362.11884, 133.05647)(281.09305, 135.94492)(385.82697, 191.47685)(269.9765, 199.33578)(349.66437, 162.01755)(310.9748, 171.08249)(364.225, 275.28806)(302.90262, 278.68805)(379.7154, 384.2483)(297.24396, 386.446)(386.94406, 470.28156)(288.33344, 471.73575)
(298.32953, 79.95491)(306.8475, 70.32782)(289.42905, 74.68368)(327.08115, 78.44037)(283.56866, 87.85623)(352.22577, 129.35397)(269.89908, 140.4334)(351.45587, 168.73611)(234.93617, 204.58951)(299.04465, 151.8603)(274.6837, 175.92853)(349.34, 275.83838)(288.0553, 280.2071)(370.42322, 388.43103)(287.3244, 393.2408)(384.99792, 477.03244)(285.42828, 481.79572)
(290.782, 89.0084)(298.43668, 77.195625)(281.8897, 84.065765)(323.07126, 76.474785)(278.5933, 93.063934)(352.1538, 131.6686)(267.03088, 141.71957)(386.70044, 154.36214)(215.2334, 158.03183)(341.32974, 113.79558)(244.14386, 106.10406)(340.78625, 281.84668)(278.1851, 287.2902)(364.80396, 381.3259)(280.54037, 394.13153)(381.492, 472.87897)(289.10712, 479.5238)
(329.95444, 98.11638)(337.71097, 88.605515)(320.25662, 88.01709)(343.002, 86.13268)(296.53897, 83.622665)(355.6912, 129.45213)(268.90112, 142.78151)(397.87274, 152.56096)(257.76355, 211.88135)(370.97852, 112.45553)(290.2107, 174.69962)(366.5113, 271.98236)(307.0919, 278.02423)(379.70193, 382.70325)(305.3191, 383.63654)(380.6853, 472.5378)(291.8275, 475.1271)
(281.02963, 85.01546)(288.29077, 72.81086)(273.1526, 79.0598)(316.13858, 68.2106)(272.83765, 82.79792)(359.4025, 131.04718)(272.49936, 131.75882)(349.71545, 213.30801)(262.17447, 199.17703)(284.35214, 230.2738)(320.891, 199.66988)(347.9457, 274.1599)(285.18683, 274.95605)(371.66174, 381.28333)(289.41693, 386.46915)(388.2964, 476.9662)(294.6854, 475.1437)
(310.0195, 81.80125)(319.69617, 77.14789)(302.69443, 70.811356)(326.9582, 88.78468)(283.56104, 74.43807)(344.69855, 134.75267)(255.50381, 135.98026)(363.8803, 202.36736)(222.07797, 184.99234)(304.43225, 229.07976)(239.79364, 223.15146)(351.79327, 278.54352)(289.51865, 280.5091)(371.78918, 385.92426)(290.75723, 390.56268)(384.38333, 473.04514)(287.5575, 481.34006)
(310.0454, 77.777054)(318.22906, 69.89335)(298.76895, 70.0253)(328.38623, 80.37774)(282.75333, 81.66909)(352.10333, 136.34572)(263.39767, 139.74849)(398.94, 188.43692)(215.57721, 188.5347)(369.9689, 230.91757)(248.9653, 242.24574)(352.52573, 285.7416)(288.8717, 288.682)(368.1601, 391.01257)(288.564, 395.5846)(385.08527, 473.34875)(288.22693, 475.21335)
(300.58316, 78.019325)(307.6654, 68.70898)(289.03613, 73.32978)(322.5543, 75.961266)(279.42517, 88.153)(353.2873, 133.93231)(267.72205, 140.89862)(404.23315, 194.07448)(218.13809, 186.5416)(370.0075, 240.3723)(244.46292, 234.60968)(346.22803, 281.85388)(283.65015, 284.7817)(366.07492, 389.09528)(285.55505, 397.1022)(389.5144, 480.248)(291.84763, 481.831)
(313.9114, 114.20527)(320.73663, 102.1438)(301.6803, 106.42613)(332.3239, 91.8147)(287.04608, 102.848755)(361.25812, 133.95755)(274.04306, 151.54599)(424.51196, 175.8534)(241.30533, 204.18898)(398.92535, 223.98056)(276.95743, 246.13292)(371.1053, 278.046)(310.82217, 284.624)(384.90427, 384.40994)(305.83694, 389.12933)(390.7618, 473.63028)(293.44534, 475.43903)
(305.42444, 108.19284)(317.23047, 100.1581)(299.51648, 96.83688)(335.50238, 103.092606)(291.40347, 95.74665)(350.32397, 156.26804)(267.15585, 142.25032)(386.32367, 215.98189)(214.28494, 177.95999)(354.21655, 251.8045)(227.32233, 234.30807)(324.31897, 287.40256)(264.9862, 284.80396)(352.58307, 385.36008)(273.92035, 397.23816)(381.70203, 471.21658)(288.53284, 477.8068)
(293.1217, 85.53925)(300.88123, 75.579414)(284.50858, 83.34768)(324.791, 82.32111)(283.08087, 99.24342)(362.3528, 135.69827)(277.54916, 145.98106)(415.04358, 189.82143)(237.55322, 194.01617)(388.61435, 236.14981)(263.16226, 244.09393)(363.64438, 275.74826)(303.25217, 280.31866)(380.29895, 380.99133)(299.8444, 387.8894)(390.09665, 471.96735)(292.152, 475.41092)
